lib/galaxy/datatypes/test/testfile.raster.asc
ncols 20
nrows 39
xllcorner 406775
yllcorner 5.61523e+06
cellsize 904.674
NODATA_value -9999
-9999 -9999 -9999 1.9 3 4.2 9.7 10.3 14.3 -9999 -9999 -9999 -9999 -9999 -9999 -9999 -9999 -9999 -9999 -9999 
-9999 -9999 -9999 2.8 3.3 6.3 10.5 9.9 15.7 24.5 30.4 41.8 43.4 39 16.1 13.6 11.9 17.2 14.9 14.1 
-9999 -9999 -9999 2.3 2.6 3.1 8.6 10.9 14.6 28.7 55.5 37.8 30.5 39.3 19.8 14.5 17.6 21.6 13.4 12.9 
-9999 -9999 -9999 2.9 3.8 5.3 5.6 7.5 20 22.4 36.4 24.1 15.1 20 19 16.9 29.7 31.7 26.8 23.5 
-9999 -9999 -9999 2.8 3.6 10.8 9.2 9.4 21.1 32.3 38.6 22.2 36.6 37.8 24.6 12.5 26.4 29.2 26.8 31.8 
-9999 -9999 -9999 3.4 4.5 5.9 11.3 16.3 22.6 27.1 32.5 30.6 34.4 27.7 36.4 17.3 17.1 21.8 27.4 36.1 
-9999 -9999 -9999 3.3 4.5 5.2 7.7 14.2 16.2 28 16.6 25.4 26.1 30.5 35.8 40.4 21.4 24.1 30.8 46.6 
-9999 -9999 -9999 3.4 6.1 6.3 8.9 9.7 19 19.5 19.1 15.6 34.4 25.6 28 29.7 24 28.1 33.7 49.2 
-9999 -9999 6.2 8.1 9.4 14.5 12.1 18.8 16 29.4 24.7 22.3 26.9 25.6 31.1 31.1 28.4 31.6 27.8 36.5 
-9999 -9999 4 5 7.3 17.7 17.1 17.3 18.4 25.2 24.1 21.9 33.7 42.3 33.3 32.9 28.3 26.2 26.8 -9999 
-9999 -9999 4.2 4.7 4.9 12.4 13.7 16.4 14.7 24.4 24.4 24.6 34.4 43.9 40.8 33 29.5 18.4 39.9 -9999 
-9999 -9999 3.5 5.4 7.1 14.2 15.2 16.9 16 16.7 16.9 32.9 40.3 42.1 33.7 26.5 22.6 21 29.7 -9999 
-9999 -9999 3.6 8.5 13.8 17 16.3 17.3 13.5 18.3 22.8 40.7 30.7 30.2 28.6 24.9 15.4 17.6 19.6 -9999 
-9999 -9999 3.4 4.9 9.5 10.4 12.3 15.1 17.6 17.1 44.2 35.3 38.7 25.4 20.4 24 19.7 18.5 13.4 -9999 
-9999 -9999 3.5 5.3 7.1 10.2 12 27.4 32.2 24.2 29.5 35 31.6 29.3 26.4 17.9 24.1 11.7 9.2 -9999 
-9999 -9999 3.4 4 6.3 10.7 15.9 18.4 27.1 36.9 27.5 22.8 27.1 23.8 21.5 24.3 10.8 10.6 8.5 -9999 
-9999 -9999 4.3 4.1 6.4 7.5 13.4 19.9 27.1 37.8 24.8 19.6 21.1 30 18.8 14.1 11.1 6.4 8 -9999 
-9999 -9999 3.6 7 6.8 8.9 19 29.2 25.1 27.5 19.3 19.8 23.1 27.5 27.5 11.5 11.1 6.6 3.7 -9999 
-9999 -9999 3.7 6 10.1 16.6 20.8 33.9 21 23.9 16.8 20.4 23.8 22.7 12.8 8.2 7.4 4.3 3.8 -9999 
-9999 -9999 4.7 6.3 9.9 14.3 25.3 25.2 32.4 41 37.7 24.7 26.6 15.7 8.5 5.3 4.2 4.2 3.1 -9999 
-9999 5.5 6.4 7.9 10 18.5 21.2 28.5 26.6 30.5 21.1 32.8 13.8 7.2 7.2 4.6 3.4 2.9 1.7 -9999 
-9999 6.5 7.9 11.7 15.3 19.8 19 36.6 26.1 24.8 22.7 28.4 10.9 8 2.4 2.5 1.8 1.4 -9999 -9999 
-9999 6.6 8 11.5 18.3 26.4 23.5 31.6 35 22.4 20.9 27.5 13.5 6.4 3 1.1 0.7 0.8 -9999 -9999 
-9999 7.8 8.8 12.3 18.1 32.4 36.2 37.1 41 31.6 28 31.9 10.4 8.6 5 2.7 0.6 0.3 -9999 -9999 
-9999 12 11.1 15.3 17.8 29.2 34.8 27 35.7 26.2 29.1 25.7 15.2 8.2 7 2.8 1.4 0.4 -9999 -9999 
-9999 13.5 16.5 14.8 20.3 29.8 31 22 28.8 26.7 30.5 19.9 12.4 4.2 2.5 2.3 1.2 0.6 -9999 -9999 
-9999 13.1 16.1 22.3 24.3 36.8 32 29.8 24.9 27.4 26.9 10.2 8.3 6.3 2.4 1.2 0.9 0.4 -9999 -9999 
-9999 13.7 16.1 22 26.8 38.6 30.8 30.1 36.3 28 33 18.8 10.5 4.1 2.9 1.6 0.8 0.4 -9999 -9999 
-9999 18.2 19.4 24.3 26 31.5 32.3 24.6 36.1 29.6 27.9 22.1 11.5 6 2.9 1.4 0.4 0.2 -9999 -9999 
-9999 16.6 18.5 25.8 31.1 31.5 31.8 29.4 31.4 25.3 23.4 12.6 9.8 5.4 1.3 0.8 0.6 0.2 -9999 -9999 
-9999 18 26.7 33.4 32.5 27.8 25.7 28.7 32 26.3 14.9 9.9 6.5 3.4 2.1 0.5 0.4 0.1 -9999 -9999 
-9999 30.5 35.7 41.8 35.1 23.6 25.5 25.9 23 18.6 25.6 10.5 4.7 2.4 2 1.2 0.4 0.3 -9999 -9999 
27.9 35.8 35.5 31 29.2 28.1 31.9 33.7 26.6 17.2 13.4 6.8 3.2 3.2 1.9 1.4 0.9 0.7 -9999 -9999 
24.3 30.2 35 30.7 31.5 24.9 26.7 22.7 22.5 8 4.5 4.5 2.8 1 0.5 0.8 0.7 -9999 -9999 -9999 
32.1 32.8 38.6 33.4 32.1 27.8 34.8 24.7 16.1 16.4 4.8 4.5 2.3 1 0.7 0.7 0.6 -9999 -9999 -9999 
34.9 34.2 25.7 25.9 24.2 20.5 24.7 18.2 15.7 17.5 14.7 4.9 1.6 1.2 0.7 0.6 1.1 -9999 -9999 -9999 
31.6 27.7 23.7 24 22.1 21.3 24.7 11.1 11.3 9 10.6 6.1 1.7 1.3 0.9 1.8 1.6 -9999 -9999 -9999 
30.2 23.1 29.4 26.7 26.5 22.9 20.4 10.9 6.2 5.8 6.3 5.9 2.7 1.3 1.3 1.4 1.1 -9999 -9999 -9999 
-9999 -9999 -9999 -9999 -9999 -9999 -9999 -9999 5.4 6.8 6.1 5.9 2.8 1.4 1.6 1.4 1.7 -9999 -9999 -9999 

